1 0.2696421146392822
2 0.2370765209197998
3 0.26964402198791504
4 0.22300171852111816
5 0.24582910537719727
6 0.24237060546875
7 0.2364349365234375
8 0.2311265468597412
9 0.23275399208068848
10 0.23437905311584473
11 0.24999451637268066
12 0.2455155849456787
13 0.2817342281341553
14 0.25148749351501465
15 0.2382192611694336
16 0.22993779182434082
17 0.2535736560821533
18 0.2436373233795166
19 0.2340998649597168
20 0.23779058456420898
21 0.23494172096252441
22 0.23130369186401367
23 0.24332737922668457
24 0.2575981616973877
25 0.2373523712158203
26 0.25255703926086426
27 0.24219846725463867
28 0.22061491012573242
29 0.24259257316589355
30 0.2426614761352539
31 0.2183389663696289
32 0.24108433723449707
33 0.2268078327178955
34 0.26050543785095215
35 0.25753259658813477
36 0.24611568450927734
37 0.22684645652770996
38 0.2532205581665039
39 0.2313098907470703
40 0.24226999282836914
41 0.24845647811889648
42 0.23953461647033691
43 0.24488544464111328
44 0.24292397499084473
45 0.21927380561828613
46 0.24437904357910156
47 0.25530314445495605
48 0.2254009246826172
49 0.23085856437683105
50 0.2508888244628906
51 0.21696090698242188
52 0.2393040657043457
53 0.2537689208984375
54 0.24262022972106934
55 0.26873040199279785
56 0.2919464111328125
57 0.37596702575683594
58 0.33290982246398926
59 0.3221452236175537
60 0.2840719223022461
61 0.29772090911865234
62 0.2793240547180176
63 0.2720944881439209
64 0.2976667881011963
65 0.29489564895629883
66 0.2651844024658203
67 0.2733747959136963
68 0.2670767307281494
69 0.2608966827392578
70 0.2513003349304199
71 0.23321795463562012
72 0.24339675903320312
73 0.24700331687927246
74 0.26314806938171387
75 0.2521529197692871
76 0.24267339706420898
77 0.23746633529663086
78 0.2443404197692871
79 0.29629969596862793
80 0.24569106101989746
81 0.26380443572998047
82 0.25052309036254883
83 0.24778270721435547
84 0.2372736930847168
85 0.2548556327819824
86 0.24650931358337402
87 0.25945115089416504
88 0.24577593803405762
89 0.26520466804504395
90 0.26068758964538574
91 0.28999853134155273
92 0.27202916145324707
93 0.24923229217529297
