1 0.11298942565917969
2 0.12449002265930176
3 0.09955215454101562
4 0.1052865982055664
5 0.10615849494934082
6 0.10608506202697754
7 0.10335612297058105
8 0.11255598068237305
9 0.10609269142150879
10 0.09941935539245605
11 0.10361695289611816
12 0.11343502998352051
13 0.11110043525695801
14 0.1118612289428711
15 0.10500073432922363
16 0.09860682487487793
17 0.11696290969848633
18 0.10634040832519531
19 0.10199928283691406
20 0.11390399932861328
21 0.10500073432922363
22 0.10906028747558594
23 0.10335803031921387
24 0.11515426635742188
25 0.09700179100036621
26 0.10657167434692383
27 0.09819579124450684
28 0.10271024703979492
29 0.10309314727783203
30 0.1010735034942627
31 0.09362459182739258
32 0.11507201194763184
33 0.1050107479095459
34 0.1111307144165039
35 0.11050653457641602
36 0.1010735034942627
37 0.1111457347869873
38 0.11730504035949707
39 0.1031179428100586
40 0.10602712631225586
41 0.1003270149230957
42 0.0982053279876709
43 0.10683345794677734
44 0.11577105522155762
45 0.0989990234375
46 0.10567879676818848
47 0.09868478775024414
48 0.0995783805847168
49 0.10511517524719238
50 0.1079568862915039
51 0.10829401016235352
52 0.10169529914855957
53 0.10823369026184082
54 0.12751030921936035
55 0.11895918846130371
56 0.11263442039489746
57 0.11057066917419434
58 0.19310307502746582
59 0.17289352416992188
60 0.1130375862121582
61 0.13926148414611816
62 0.12789297103881836
63 0.12598538398742676
64 0.11992430686950684
65 0.12709259986877441
66 0.1152949333190918
67 0.1101381778717041
68 0.13588857650756836
69 0.11336684226989746
70 0.09791326522827148
71 0.10815072059631348
72 0.11346840858459473
73 0.10203742980957031
74 0.11661815643310547
75 0.10499787330627441
76 0.11130642890930176
77 0.11473608016967773
78 0.10563898086547852
79 0.10176801681518555
80 0.12099981307983398
81 0.10231351852416992
82 0.1090545654296875
83 0.1054534912109375
84 0.10722780227661133
85 0.11457347869873047
86 0.11754202842712402
87 0.10699081420898438
88 0.10308432579040527
89 0.11641669273376465
90 0.12122726440429688
91 0.12254476547241211
92 0.12564539909362793
93 0.12904024124145508
